#Total No. of Collocate Types: 212
#Total No. of Collocate Tokens: 1565
1	98	67	31	2.32861	и
2	66	49	17	2.15294	вот
3	60	50	10	2.56047	ну
4	54	26	28	1.51825	я
5	54	25	29	3.62259	так
6	51	16	35	3.21820	этот
7	51	39	12	1.90554	а
8	42	39	3	2.06783	да
9	41	19	22	2.48109	как
10	40	16	24	1.92660	это
11	34	32	2	1.22181	быть
12	30	22	8	1.35506	что
13	29	11	18	0.88976	в
14	24	12	12	1.56905	на
15	23	14	9	2.66880	ээ
16	23	22	1	0.88284	то
17	22	13	9	1.42410	мы
18	20	15	5	0.54117	не
19	19	8	11	1.40194	у
20	19	9	10	2.38445	такой
21	18	6	12	1.50158	он
22	18	15	3	2.48181	знать
23	18	6	12	1.54706	вы
24	18	10	8	1.96039	все
25	17	5	12	1.59340	там
26	16	13	3	1.98800	говорить
27	15	7	8	1.78183	они
28	13	7	6	1.56814	она
29	12	5	7	0.93162	с
30	11	5	6	3.32714	щас
31	11	4	7	2.59595	тут
32	10	6	4	2.11924	сказать
33	10	9	1	2.11924	который
34	10	3	7	2.49364	если
35	8	5	3	1.73020	э
36	8	4	4	0.88220	ты
37	8	6	2	1.35169	нрзб
38	8	2	6	1.19868	какой
39	8	7	1	2.17171	аа
40	7	4	3	1.13901	уже
41	7	6	1	2.67506	раз
42	7	4	3	0.92660	по
43	7	3	4	1.63241	мочь
44	7	3	4	1.85948	кто
45	7	3	4	1.59099	к
46	7	2	5	2.01513	здесь
47	7	4	3	1.92660	еще
48	7	7	0	3.41202	дом
49	7	7	0	0.99699	год
50	6	3	3	1.27634	эээ
51	6	4	2	2.11924	только
52	6	5	1	3.14233	сидеть
53	6	2	4	2.26363	сейчас
54	6	5	1	2.67026	почему
55	6	6	0	1.72148	нет
56	6	6	0	2.11924	жить
57	6	4	2	0.77459	весь
58	5	3	2	0.97551	человек
59	5	1	4	3.92660	це
60	5	1	4	1.66356	один
61	5	2	3	2.21878	о
62	5	3	2	1.54809	мой
63	5	1	4	2.21878	мм
64	5	3	2	2.27890	идти
65	5	1	4	1.34163	за
66	5	2	3	2.44117	даже
67	5	5	0	1.51156	где
68	5	5	0	1.05213	бы
69	4	3	1	2.38228	чтобы
70	4	4	0	3.42410	цена
71	4	3	1	2.26363	хотеть
72	4	4	0	1.60467	ходить
73	4	3	1	4.05213	сын
74	4	3	1	2.81112	смотреть
75	4	4	0	2.65358	рассказать
76	4	2	2	4.18963	пруд
77	4	3	1	2.51156	поэтому
78	4	2	2	1.00377	потому
79	4	3	1	4.92660	одновременно
80	4	3	1	1.78364	надо
81	4	2	2	0.82506	когда
82	4	3	1	2.42410	думать
83	4	4	0	1.51156	время
84	3	2	1	0.98800	тоже
85	3	2	1	2.39608	тогда
86	3	3	0	1.84859	стать
87	3	3	0	0.73897	себя
88	3	1	2	1.31516	самый
89	3	2	1	2.77459	ребята
90	3	3	0	1.28917	работать
91	3	3	0	1.63709	работа
92	3	2	1	4.09652	простой
93	3	3	0	3.09652	правильно
94	3	3	0	1.39608	потом
95	3	2	1	1.31516	понимать
96	3	2	1	1.28917	от
97	3	1	2	5.09652	одновременный
98	3	3	0	1.73897	нужный
99	3	1	2	0.30211	но
100	3	2	1	3.92660	начаться
101	3	0	3	3.18963	например
102	3	2	1	1.88707	наверное
103	3	1	2	2.00906	можно
104	3	3	0	3.00906	ладно
105	3	1	2	3.77459	книжка
106	3	3	0	1.03043	или
107	3	0	3	0.84859	из
108	3	1	2	2.05213	значить
109	3	3	0	3.39608	здание
110	3	3	0	1.92660	жизнь
111	3	2	1	0.55736	же
112	3	1	2	4.09652	ее
113	3	3	0	1.48181	делать
114	3	1	2	1.26363	два
115	3	2	1	2.34163	дать
116	3	3	0	3.39608	дак
117	3	2	1	2.70421	второй
118	3	3	0	1.81112	всегда
119	3	2	1	3.00906	вон
120	3	3	0	2.34163	война
121	2	2	0	4.18963	штука
122	2	2	0	4.92660	школьник
123	2	1	1	3.51156	часто
124	2	2	0	0.83913	хороший
125	2	1	1	5.51156	фотография
126	2	2	0	1.08530	угу
127	2	2	0	4.18963	технология
128	2	2	0	3.34163	теплый
129	2	2	0	2.51156	теперь
130	2	2	0	5.51156	темно
131	2	1	1	2.70421	твой
132	2	1	1	4.92660	т
133	2	2	0	3.05213	старый
134	2	2	0	3.18963	стараться
135	2	2	0	1.81112	сразу
136	2	1	1	3.05213	собирать
137	2	2	0	3.05213	снег
138	2	1	1	2.11924	слушать
139	2	0	2	1.11924	сегодня
140	2	2	0	0.17171	свой
141	2	1	1	0.98800	сам
142	2	2	0	4.92660	раньше
143	2	2	0	4.18963	район
144	2	2	0	4.51156	пустить
145	2	2	0	0.86770	просто
146	2	2	0	3.92660	происходить
147	2	2	0	2.92660	проблема
148	2	2	0	1.42410	про
149	2	2	0	4.18963	причитать
150	2	2	0	2.18963	приходить
151	2	2	0	4.92660	предположить
152	2	2	0	3.92660	посадить
153	2	2	0	4.51156	покупать
154	2	2	0	0.81112	пойти
155	2	1	1	2.60467	пожалуйста
156	2	1	1	4.92660	поделить
157	2	2	0	3.92660	поглядеть
158	2	1	1	4.51156	поверить
159	2	2	0	4.51156	платок
160	2	2	0	0.95697	первый
161	2	1	1	4.51156	педагог
162	2	2	0	-0.04303	очень
163	2	0	2	3.18963	оттуда
164	2	2	0	3.34163	откуда
165	2	2	0	2.05213	отец
166	2	2	0	2.34163	остаться
167	2	0	2	1.55736	опять
168	2	1	1	6.51156	обыск
169	2	2	0	1.86770	новый
170	2	2	0	0.40304	наш
171	2	1	1	2.11924	начать
172	2	2	0	2.60467	называться
173	2	1	1	3.70421	назвать
174	2	1	1	3.18963	музыка
175	2	1	1	2.11924	мама
176	2	2	0	2.70421	любить
177	2	2	0	4.18963	кура
178	2	2	0	2.60467	купить
179	2	2	0	4.92660	кормить
180	2	2	0	1.65358	каждый
181	2	2	0	3.05213	кавказ
182	2	2	0	3.70421	интернет
183	2	0	2	2.34163	интересный
184	2	1	1	4.92660	иногда
185	2	1	1	2.51156	именно
186	2	2	0	4.18963	знакомый
187	2	1	1	6.51156	зарасти
188	2	1	1	3.92660	зарабатывать
189	2	2	0	2.18963	заниматься
190	2	2	0	5.51156	желтенький
191	2	1	1	0.65358	другой
192	2	2	0	3.34163	дорога
193	2	2	0	2.51156	дома
194	2	2	0	1.55736	должен
195	2	1	1	0.60467	для
196	2	2	0	5.51156	дзынь
197	2	2	0	1.46717	дело
198	2	2	0	3.92660	дед
199	2	1	1	4.18963	дверь
200	2	0	2	2.51156	далеко
201	2	2	0	1.55736	давать
202	2	2	0	3.70421	газета
203	2	2	0	2.92660	выходить
204	2	0	2	1.18963	вообще
205	2	1	1	1.05213	видеть
206	2	2	0	5.51156	вводить
207	2	0	2	3.70421	буквально
208	2	2	0	2.51156	брать
209	2	2	0	1.75667	большой
210	2	1	1	3.34163	болеть
211	2	2	0	3.18963	бессоновка
212	2	0	2	1.70421	баба
